Test1

12.486000 12.616000 12.652000 12.747000 12.838000 12.929000 13.022000 13.117000 13.211000
13.305000 13.399000 13.494000 13.592000 13.686000 13.781000 13.879000 13.977000 14.079000
14.177000 14.277000 14.373000 14.477000 14.575000 14.674000 14.771000 14.873000 14.973000
15.071000 15.169000 15.270000 15.369000 15.467000 15.567000 15.665000 15.766000 15.865000
15.963000 16.061000 16.163000 16.263000 16.360000 16.459000 16.562000 16.660000 16.759000
16.856000 16.959000 17.058000 17.154000 17.253000 17.356000 17.454000 17.553000 17.651000
17.753000 17.852000 17.950000 18.048000 18.151000 18.248000 18.346000 18.445000 18.549000
18.645000 18.745000 18.842000 18.945000 19.044000 -0.100000 -0.100000 -0.100000 -0.100000
-0.100000 -0.100000 -0.100000 -0.100000 -0.100000 -0.200000 -0.200000 -0.200000 -0.200000
-0.200000 -0.200000 -0.200000 -0.200000 -0.100000 -0.000000 -0.200000 -0.200000 -0.100000
-0.000000 -0.100000 -0.100000 -0.200000 -0.200000 -0.000000 -0.100000 -0.100000 0.000000
0.100000 -0.000000 -0.100000 -0.000000 0.000000 -0.100000 -0.100000 0.100000 0.800000
0.300000 0.100000 -1.800000 -6.400000 -11.800000 -11.500000 -9.300000 -27.400000 -74.800000
-120.600000 -153.800000 -196.600000 -233.400000 -262.800000 -275.500000 -253.600000 -223.600000 -95.600000
-28.200000 -4.500000 -1.900000 -1.900000 -1.800000 -1.800000 -1.800000 -1.900000 -1.900000
-1.900000 -0.100000 -0.200000 -0.300000 -0.100000 -0.100000 -0.100000 -0.000000 -0.100000
-0.200000 -0.100000 -0.100000 -0.200000 -0.100000 -0.200000 -0.100000 -0.100000 -0.100000
-0.200000 -0.100000 -0.200000 -0.200000 -0.100000 -0.200000 -0.100000 -0.200000 -0.200000
-0.100000 -0.100000 -0.200000 -0.100000 -0.200000 -0.200000 -0.200000 -0.200000 -0.200000
-0.100000 -0.200000 -0.100000 -0.100000 -0.000000 -0.000000 0.000000 4.400000 25.900000
23.600000 14.600000 13.600000 8.100000 -34.900000 -112.100000 -181.300000 -249.000000 -298.400000
-339.100000 -375.900000 -389.300000 -363.200000 -275.700000 -115.500000 -22.500000 2.600000 2.600000
2.700000 2.800000 2.800000 2.800000 2.900000 3.000000 -0.100000 -0.100000 -0.200000
-0.200000 -0.200000 -0.200000 -0.100000 -0.100000 -0.200000 -0.100000 -0.200000 -0.300000
-0.300000 -0.200000 -0.200000 -0.200000 -0.200000 -0.200000 -0.100000 -0.200000 -0.100000
-0.100000 -0.200000 -0.200000 -0.100000 -0.100000 -0.000000 -0.100000 -0.300000 -0.300000
-0.200000 -0.100000 -0.200000 -0.100000 -0.100000 -0.100000 -0.200000 -0.200000 -0.200000
-2.000000 -5.600000 -2.300000 -7.900000 -5.100000 3.600000 9.700000 10.000000 17.800000
32.500000 41.700000 31.800000 13.900000 4.900000 6.900000 -3.200000 -25.800000 -37.400000
-33.100000 -12.600000 -6.700000 -6.200000 -6.500000 -6.800000 -7.100000 -7.200000 -7.400000
-7.500000 -7.700000 -0.000000 -0.100000 -0.000000 -0.100000 -0.100000 -0.000000 -0.100000
-0.100000 0.000000 0.100000 0.000000 -0.000000 -0.100000 -0.000000 0.000000 -0.100000
-0.100000 -0.200000 -0.100000 -0.000000 -0.100000 0.100000 -0.000000 0.000000 0.200000
0.000000 -0.000000 -0.000000 -0.100000 -0.200000 -0.100000 -0.000000 -0.100000 -0.100000
-0.200000 -0.100000 -0.000000 -0.000000 -0.000000 -0.100000 -0.100000 -0.100000 -0.100000
-0.100000 -0.100000 -0.100000 -0.100000 -0.100000 -0.000000 0.000000 -0.200000 -0.000000
-0.000000 -0.000000 -0.000000 0.100000 0.100000 -0.000000 0.000000 0.100000 0.100000
0.300000 0.200000 0.100000 0.200000 0.200000 0.200000 0.200000 -0.100000 0.000000
-0.100000 -0.000000 -0.000000 -0.000000 0.000000 -0.000000 0.000000 0.100000 0.000000
-0.000000 -0.200000 -0.100000 -0.000000 -0.000000 0.000000 -0.000000 -0.100000 -0.000000
0.000000 0.000000 -0.100000 0.000000 -0.000000 -0.000000 -0.000000 -0.000000 -0.000000
-0.000000 0.100000 0.000000 0.000000 -0.000000 0.000000 0.100000 -0.000000 0.000000
0.000000 0.000000 -0.200000 -0.200000 -0.200000 -0.200000 0.100000 0.300000 0.100000
-0.100000 -0.100000 0.200000 0.400000 0.400000 0.400000 0.400000 0.300000 0.300000
0.400000 0.100000 -0.300000 -0.200000 -0.100000 0.000000 0.100000 0.300000 0.200000
0.200000 0.300000 0.100000 0.000000 0.000000 0.000000 0.000000 0.100000 0.100000
-0.000000 0.000000 0.000000 -0.000000 0.100000 0.100000 0.100000 0.000000 0.000000
0.100000 0.000000 -0.100000 -0.000000 0.100000 0.100000 -0.000000 -0.000000 -0.000000
0.000000 -0.000000 0.000000 0.000000 -0.000000 -0.000000 0.100000 0.200000 0.000000
-0.100000 0.000000 0.100000 0.100000 -0.000000 -0.000000 0.100000 0.100000 0.100000
0.000000 0.100000 0.100000 0.100000 0.100000 0.000000 0.100000 0.000000 -0.000000
0.000000 -0.000000 0.100000 0.100000 0.100000 0.100000 0.100000 0.100000 0.100000
0.100000 0.100000 0.100000 0.100000 -0.100000 0.000000 0.200000 0.200000 0.000000
0.100000 0.100000 0.100000 0.200000 0.100000 0.100000 -0.000000 0.000000 0.100000
0.200000 0.100000 0.100000 0.000000 0.100000 0.100000 0.100000 0.000000 0.000000
0.200000 0.100000 0.100000 0.200000 0.200000 0.200000 0.100000 0.100000 0.000000
0.100000 0.000000 -0.000000 0.000000 0.000000 0.100000 -0.000000 0.100000 0.100000
0.000000 -0.000000 0.100000 0.100000 0.100000 0.100000 0.100000 0.200000 0.100000
0.100000 0.200000 0.200000 0.100000 0.000000 0.100000 0.100000 0.100000 -0.000000
-0.000000 0.200000 0.300000 0.100000 0.100000 0.100000 0.100000 0.200000 0.200000
0.200000 0.100000 0.000000 0.100000 