Test1

12.437000 12.567000 12.590000 12.665000 12.763000 12.856000 12.959000 13.057000 13.156000
13.254000 13.356000 13.454000 13.554000 13.652000 13.753000 13.853000 13.950000 14.048000
14.151000 14.249000 14.347000 14.445000 14.549000 14.646000 14.744000 14.843000 14.946000
15.044000 15.142000 15.241000 15.344000 15.441000 15.539000 15.637000 15.741000 15.838000
15.937000 16.035000 16.133000 16.236000 16.334000 16.432000 16.530000 16.634000 16.731000
16.829000 16.927000 17.031000 17.128000 17.226000 17.326000 17.429000 17.525000 17.625000
17.723000 17.825000 17.923000 18.021000 18.121000 18.221000 18.320000 18.418000 18.518000
18.619000 18.717000 18.816000 18.915000 19.013000 19.115000 19.213000 19.313000 19.410000
19.512000 19.611000 19.708000 19.808000 19.909000 20.008000 20.105000 20.205000 20.308000
20.406000 20.503000 20.601000 20.704000 20.803000 20.901000 20.999000 21.102000 21.200000
21.299000 21.395000 21.499000 21.597000 21.695000 21.794000 21.893000 21.995000 22.093000
22.192000 22.290000 22.391000 22.491000 22.588000 22.688000 22.789000 22.887000 22.985000
23.083000 23.187000 23.284000 23.383000 23.480000 23.584000 23.683000 23.781000 23.878000
23.981000 24.080000 24.178000 24.276000 24.378000 24.476000 24.574000 24.673000 24.776000
24.874000 24.971000 25.071000 25.169000 25.272000 25.370000 25.467000 25.567000 25.669000
25.766000 25.864000 25.964000 26.066000 26.164000 26.263000 26.360000 26.463000 26.562000
26.659000 26.758000 26.860000 27.553000 27.590000 27.600000 27.618000 27.681000 27.695000
27.707000 27.722000 27.769000 27.852000 27.950000 28.048000 28.152000 -0.000000 -0.100000
-0.000000 -0.100000 -0.100000 -0.100000 -0.000000 0.000000 -0.100000 -0.000000 -0.000000
-0.000000 -0.200000 -0.100000 -0.100000 -0.000000 -0.100000 -0.100000 -0.000000 -0.100000
-0.100000 -0.100000 -0.100000 -0.100000 -0.000000 0.000000 -0.100000 -0.100000 0.000000
0.000000 -0.100000 -0.000000 0.000000 0.000000 -0.100000 -0.000000 0.100000 0.000000
-0.000000 -0.100000 -0.200000 -0.100000 0.000000 0.000000 -0.000000 -0.100000 0.000000
0.100000 0.000000 -0.000000 -0.000000 -0.100000 -0.100000 -0.200000 0.100000 0.200000
-0.000000 -0.100000 -0.000000 -0.100000 -0.100000 -0.100000 0.100000 0.000000 -0.200000
-0.100000 -0.100000 -0.100000 -0.100000 -0.100000 -0.100000 -0.000000 -0.100000 0.000000
0.100000 -0.000000 -0.100000 -0.100000 -0.100000 -0.100000 0.000000 -0.000000 -0.100000
-0.100000 -0.200000 -0.200000 -0.200000 -0.100000 -0.000000 -0.100000 -0.200000 -0.100000
-0.100000 -0.100000 0.000000 -0.000000 -0.200000 -0.200000 0.000000 0.100000 0.100000
0.000000 -0.000000 -0.100000 -0.100000 -0.000000 0.000000 0.000000 -0.000000 -0.100000
-0.100000 -0.000000 -0.000000 0.000000 -0.000000 -0.000000 0.000000 0.000000 -0.100000
-0.100000 -0.100000 -0.100000 -0.100000 -0.200000 -0.100000 -0.100000 -0.000000 -0.000000
-0.000000 -0.100000 -0.100000 -0.200000 -0.100000 -0.000000 -0.000000 -0.000000 -0.100000
-0.200000 -0.200000 -0.100000 -0.000000 -0.100000 -0.100000 -0.200000 -0.100000 -0.100000
-0.100000 -0.000000 0.000000 0.200000 0.300000 0.300000 0.200000 0.100000 0.200000
0.200000 0.200000 0.300000 0.200000 0.100000 -0.000000 0.100000 0.100000 0.100000
0.100000 0.000000 0.200000 0.000000 -0.000000 0.000000 0.100000 0.000000 0.000000
0.100000 0.100000 0.100000 0.100000 -0.000000 -0.000000 0.100000 0.000000 0.100000
0.100000 0.000000 -0.000000 -0.100000 -0.100000 0.000000 0.100000 -0.000000 0.000000
0.100000 0.100000 0.100000 0.200000 -0.000000 -0.000000 -0.100000 -0.000000 -0.000000
-0.100000 -0.000000 0.000000 0.000000 -0.000000 -0.000000 -0.000000 0.000000 0.100000
0.100000 -0.000000 0.100000 0.000000 -0.100000 -0.100000 0.000000 0.100000 0.100000
0.100000 -0.000000 0.000000 0.100000 0.000000 0.100000 0.100000 0.000000 -0.000000
0.100000 0.100000 0.000000 -0.100000 -0.000000 0.100000 0.100000 -0.000000 -0.100000
0.000000 -0.000000 -0.100000 -0.100000 -0.100000 -0.000000 0.000000 -0.000000 0.100000
-0.000000 0.000000 0.000000 -0.100000 -0.100000 -0.100000 0.000000 0.200000 0.200000
0.100000 0.000000 -0.000000 0.100000 -0.100000 -0.000000 0.000000 -0.100000 -0.000000
-0.100000 -0.100000 0.000000 0.100000 0.000000 0.000000 0.100000 0.200000 0.100000
0.100000 0.000000 0.100000 0.100000 0.100000 -0.000000 -0.100000 0.100000 0.100000
0.100000 0.100000 0.100000 0.100000 0.100000 0.100000 0.100000 0.100000 0.200000
0.100000 -0.000000 -0.000000 0.000000 0.000000 0.000000 0.200000 0.300000 0.100000
-0.000000 0.100000 0.100000 0.100000 -0.000000 -0.100000 0.100000 0.100000 0.200000
0.200000 0.100000 -0.000000 0.100000 0.100000 0.100000 0.200000 0.300000 0.300000
0.100000 0.200000 0.300000 0.100000 0.100000 0.100000 0.000000 0.100000 0.100000
0.100000 0.100000 0.100000 0.000000 0.000000 -0.000000 -0.000000 -0.000000 0.100000
-0.000000 0.100000 0.100000 0.100000 -0.100000 0.000000 -0.000000 -0.000000 -0.000000
0.100000 -0.000000 0.100000 0.000000 -0.000000 0.100000 0.000000 0.100000 0.000000
0.000000 0.100000 0.000000 -0.100000 -0.000000 0.100000 0.100000 0.100000 0.100000
0.100000 -0.000000 0.000000 0.100000 0.000000 -0.000000 0.000000 0.000000 0.100000
0.100000 0.100000 -0.000000 0.100000 0.100000 0.100000 0.100000 0.000000 -0.000000
0.000000 0.100000 0.000000 0.000000 -0.000000 0.100000 0.200000 0.000000 0.100000
0.000000 -0.100000 -0.000000 0.000000 0.100000 0.100000 0.100000 0.000000 0.000000
-0.000000 0.000000 0.100000 0.000000 0.100000 0.100000 0.000000 0.000000 0.100000
0.100000 0.100000 0.100000 0.200000 0.200000 0.200000 0.100000 0.000000 0.000000
0.100000 0.100000 0.200000 0.200000 0.100000 0.100000 0.100000 0.200000 0.100000
0.100000 -0.100000 -0.200000 -0.000000 0.100000 -0.100000 -0.000000 0.000000 -0.000000
-0.100000 -0.100000 -0.000000 0.100000 -0.100000 -0.100000 0.100000 0.000000 -0.000000
-0.000000 -0.000000 0.100000 0.100000 0.000000 -0.000000 -0.000000 -0.000000 0.100000
0.100000 0.200000 0.100000 0.100000 -0.000000 -0.000000 -0.100000 -0.000000 0.200000
0.100000 -0.000000 0.000000 0.100000 0.200000 0.200000 0.100000 0.000000 0.200000
0.300000 0.400000 0.300000 0.100000 0.300000 0.200000 0.100000 0.400000 0.300000
0.200000 -0.100000 -0.100000 0.000000 -0.100000 0.000000 0.000000 -0.000000 0.000000
0.100000 0.100000 0.000000 0.100000 -0.000000 0.100000 -0.000000 -0.000000 0.100000
0.000000 0.100000 0.200000 0.200000 0.100000 -0.000000 0.000000 0.100000 0.100000
-0.000000 -0.000000 -0.100000 0.100000 -0.100000 -0.100000 -0.100000 -0.100000 -0.100000
-0.000000 0.100000 0.200000 0.100000 0.100000 -0.000000 0.000000 0.100000 0.200000
0.100000 0.100000 0.100000 0.100000 0.100000 0.100000 0.000000 -0.100000 0.100000
0.200000 0.200000 0.100000 0.100000 0.100000 0.000000 0.100000 0.100000 -0.000000
0.000000 0.100000 0.100000 -0.100000 -0.000000 -0.100000 -0.100000 0.100000 0.000000
-0.000000 -0.000000 -0.000000 -0.000000 0.100000 0.100000 0.200000 0.100000 -0.000000
-0.000000 -0.100000 0.100000 0.100000 0.000000 -0.100000 0.100000 0.100000 0.100000
0.000000 0.100000 -0.000000 0.000000 0.100000 0.000000 0.100000 0.000000 0.100000
-0.000000 -0.100000 -0.100000 -0.000000 -0.000000 -0.000000 0.100000 0.200000 0.100000
-0.000000 -0.100000 0.000000 0.000000 -0.100000 0.100000 0.100000 0.100000 -0.000000
0.000000 0.100000 0.000000 0.100000 -0.000000 -0.100000 -0.000000 0.000000 -0.000000
-0.100000 0.000000 -0.000000 -0.000000 0.000000 0.000000 -0.000000 -0.000000 -0.100000
0.000000 -0.000000 0.000000 0.100000 0.100000 0.000000 -0.100000 0.100000 -0.100000
-0.100000 -0.100000 -0.000000 0.000000 0.100000 0.200000 0.100000 0.100000 0.000000
-0.000000 0.000000 -0.000000 0.000000 0.000000 0.100000 0.100000 0.000000 -0.100000
-0.100000 -0.100000 -0.100000 -0.100000 -0.100000 0.000000 -0.000000 -0.100000 -0.100000
-0.200000 -0.200000 -0.200000 -0.100000 -0.100000 -0.100000 -0.100000 -0.100000 -0.000000
-0.000000 -0.100000 0.000000 -0.000000 -0.100000 -0.200000 -0.100000 -0.100000 -0.100000
-0.100000 -0.000000 -0.100000 -0.000000 -0.100000 -0.100000 -0.100000 0.000000 0.100000
-0.000000 -0.100000 -0.100000 -0.100000 -0.100000 -0.100000 -0.000000 -0.100000 -0.000000
-0.100000 -0.000000 0.000000 -0.100000 -0.100000 -0.200000 -0.200000 -0.300000 -0.200000
-0.100000 -0.100000 -0.100000 -0.000000 0.100000 0.000000 0.000000 -0.100000 -0.000000
-0.000000 -0.000000 -0.000000 -0.100000 -0.100000 -0.000000 -0.100000 -0.100000 -0.100000
-0.100000 -0.100000 -0.100000 -0.100000 -0.100000 -0.100000 -0.300000 -0.200000 -0.100000
-0.100000 -0.100000 -0.000000 -0.000000 -0.100000 -0.000000 -0.000000 0.000000 0.000000
-0.100000 -0.100000 -0.100000 -0.100000 -0.100000 -0.100000 -0.100000 -0.100000 -0.100000
-0.100000 -0.000000 -0.000000 -0.100000 -0.200000 -0.100000 -0.000000 -0.000000 0.000000
-0.000000 -0.100000 -0.000000 -0.000000 -0.100000 0.000000 0.100000 -0.100000 -0.100000
-0.000000 0.000000 0.100000 0.000000 -0.100000 -0.200000 -0.100000 -0.100000 0.000000
0.100000 -0.100000 -0.200000 -0.100000 -0.100000 -0.100000 -0.200000 -0.100000 -0.100000
-0.100000 -0.100000 0.000000 -0.100000 -0.100000 -0.100000 -0.100000 -0.200000 -0.200000
-0.200000 -0.100000 0.000000 -0.100000 -0.100000 -0.200000 -0.300000 -0.300000 -0.200000
-0.200000 -0.200000 -0.100000 -0.100000 -0.400000 -0.400000 0.000000 0.000000 -0.100000
-0.100000 -0.100000 -0.000000 0.000000 0.000000 -0.000000 -0.100000 -0.100000 -0.100000
-0.000000 0.000000 -0.000000 -0.000000 0.000000 0.000000 0.000000 -0.000000 0.100000
0.100000 -0.000000 0.000000 -0.000000 0.000000 -0.000000 0.000000 -0.000000 -0.000000
-0.000000 0.100000 0.100000 -0.100000 -0.000000 0.100000 0.000000 0.100000 -0.000000
-0.100000 0.000000 0.000000 -0.000000 0.000000 0.100000 0.100000 0.000000 0.000000
0.100000 -0.000000 -0.100000 0.000000 -0.000000 -0.100000 -0.100000 -0.100000 -0.000000
-0.000000 -0.000000 -0.000000 -0.000000 -0.000000 -0.000000 -0.000000 -0.000000 0.000000
0.100000 -0.000000 0.000000 -0.000000 -0.000000 -0.000000 -0.100000 -0.000000 -0.000000
-0.000000 -0.000000 -0.000000 -0.000000 0.000000 0.100000 0.100000 0.000000 -0.100000
-0.100000 -0.000000 -0.000000 0.000000 0.000000 -0.100000 0.000000 0.100000 0.100000
-0.000000 -0.100000 -0.100000 -0.000000 -0.000000 -0.100000 -0.100000 -0.000000 0.100000
0.100000 0.100000 -0.100000 0.000000 0.100000 0.000000 0.100000 0.100000 0.100000
0.100000 0.100000 0.100000 -0.000000 0.000000 -0.000000 -0.100000 -0.000000 0.000000
0.000000 0.100000 -0.100000 -0.100000 -0.000000 -0.000000 -0.000000 -0.100000 -0.100000
0.000000 -0.000000 -0.100000 0.000000 -0.000000 0.000000 0.000000 -0.000000 -0.000000
0.000000 0.000000 -0.000000 -0.000000 0.000000 0.000000 -0.000000 -0.100000 -0.000000
0.000000 -0.100000 -0.000000 0.000000 0.000000 0.100000 0.000000 -0.000000 0.000000
0.000000 0.000000 0.000000 -0.000000 0.000000 -0.100000 -0.100000 -0.100000 -0.100000
-0.100000 -0.100000 -0.100000 -0.100000 -0.100000 -0.100000 -0.200000 -0.200000 -0.200000
-0.100000 -0.100000 -0.100000 -0.200000 -0.200000 -0.200000 -0.100000 -0.200000 0.000000
0.000000 -0.100000 -0.000000 -0.200000 -0.100000 -0.100000 -0.100000 -0.100000 -0.000000
-0.000000 -0.100000 -0.100000 -0.200000 -0.000000 -0.100000 -0.100000 0.100000 0.100000
0.100000 -0.000000 -0.100000 -0.200000 -0.100000 -0.200000 -0.100000 0.000000 -0.100000
-0.100000 -0.000000 -0.000000 -0.100000 -0.100000 -0.000000 -0.100000 -0.100000 -0.000000
-0.300000 -0.200000 -0.100000 -0.000000 0.000000 -0.000000 -0.000000 -0.100000 -0.000000
-0.100000 -0.100000 -0.100000 0.000000 -0.000000 -0.100000 -0.000000 -0.000000 -0.100000
-0.000000 0.100000 -0.000000 -0.000000 -0.100000 -0.200000 -0.300000 -0.100000 0.000000
-0.000000 -0.100000 -0.100000 -0.000000 -0.000000 -0.200000 -0.200000 -0.100000 -0.000000
-0.200000 -0.100000 0.000000 0.100000 0.100000 -0.000000 0.000000 0.100000 -0.100000
-0.000000 -0.000000 -0.100000 -0.100000 0.000000 -0.000000 -0.100000 -0.100000 -0.000000
-0.100000 -0.200000 0.000000 0.100000 -0.100000 -0.000000 -0.100000 -0.100000 -0.100000
-0.100000 -0.100000 -0.200000 -0.100000 -0.100000 -0.100000 -0.100000 -0.200000 -0.100000
-0.100000 -0.200000 -0.200000 -0.200000 -0.200000 -0.100000 -0.100000 -0.100000 -0.000000
-0.000000 0.000000 -0.000000 -0.100000 -0.100000 -0.100000 -0.100000 -0.000000 -0.100000
-0.200000 -0.100000 -0.000000 -0.100000 -0.200000 -0.300000 -0.200000 -0.000000 -0.100000
-0.100000 -0.000000 