12.576,-0.1,-0,-0,0.1,-0,0.1,0
12.703,-0.1,0,-0.1,0.1,-0.1,0.1,0.1
12.737,-0.1,0.1,-0.1,-0.1,0,0.1,0.1
12.828,-0.1,0.1,-0.1,-0.2,0.1,0.1,0.1
12.925,-0.1,0,-0.1,-0,0.1,0,0.1
13.014,-0.1,-0.1,-0.1,-0.1,0,-0.1,-0.1
13.109,-0,-0.1,-0.1,-0.1,0,0,0.1
13.203,0,-0.1,-0,-0.1,0.1,0.1,0.1
13.297,0,0,-0,0,0,0.1,0
13.391,0,-0.1,0,-0.1,-0,0.1,0.1
13.486,0,-0.2,0.1,-0.2,-0,0.2,0.1
13.579,-0.1,-0.1,-0.1,0,-0.1,0.2,0
13.673,-0.1,-0,-0.1,0,0,0.1,0
13.769,-0.1,-0.1,-0.1,0,-0.1,-0,-0.1
13.867,-0.1,0.1,-0.1,-0.1,-0.1,-0,-0.1
13.964,0,0.1,-0,-0.1,0,0,-0
14.423,0,-0,0,-0.1,0.1,0.1,-0.1
14.676,-0.1,0.1,-0,-0.1,0.1,0.2,0.2
14.699,0,0.1,-0.2,-0.1,-0.1,0.2,0.1
14.71,0,0,0,-0,-0,0.1,0
14.726,-0,-0,0.1,0,-0,0.1,-0
14.735,-0,0,0.1,-0.1,-0.2,-0,-0
14.754,-0.1,0.1,-0.1,-0.1,-0,0.1,0.1
14.809,-0.1,0.1,0,-0.1,0.1,0.1,0.1
14.859,0,-0,0,-0,0,0,0.1
14.956,0.1,-0,-0,0,-0.1,0.1,-0
15.059,0,-0.1,-0.1,-0,-0.1,0.1,-0.1
15.156,0.1,-0.1,0,-0,0,0.1,0.2
15.255,0,-0,-0,0,0.1,0.1,0.1
15.354,0,0,-0.1,0.2,-0,0.1,0
15.456,0,-0.1,-0.1,0.1,-0.1,0.1,0
15.554,0,-0,-0.1,0.1,-0,0.1,-0.1
15.652,-0.1,-0,-0.2,0,0,0,-0
15.751,-0.1,0.1,-0.2,-0,-0,-0,-0.1
15.852,-0,0.1,-0.1,-0.1,0,0,-0
15.952,-0.1,-0,-0.1,-0,0,0,-0.1
16.05,-0.1,-0.1,-0.1,0,0,0,-0
16.149,-0.1,-0.1,-0.1,0.1,0.1,0,0.2
16.251,-0,0,-0.1,0.1,-0.1,0,0.1
16.349,-0.1,0.1,-0,-0.1,-0,0.1,-0
16.447,-0.1,0,0.1,-0,-0,0.1,-0.1
16.544,-0.1,-0,0.1,0.1,-0.1,0.1,-0
16.647,-0.8,0.1,0.4,0.1,-0.1,0.1,0.1
16.746,-2.9,0.4,0.7,0.1,-0,0.1,0
16.845,-0.8,4.8,1.4,-0,0,0,0.2
16.943,8.7,16.7,5.3,-0,0,0,0.1
17.044,44.9,8,12.2,0,-0,0.1,0.1
17.143,160.3,-71.5,19.2,-0.1,-0.2,0.1,0
17.243,189.2,-106.3,8.7,0.1,-0.4,0.2,0.1
17.34,72.6,-23.1,4.1,0.1,-0.3,0.1,0
17.439,11.2,0.5,3.7,0,-0.1,0.2,0.1
17.541,4.9,-1,3.8,0,-0.1,0.1,-0
17.64,4.5,-1.2,3.7,0.1,-0.1,0,0
17.737,4.5,-1.3,3.8,0.1,-0,0.1,-0.1
