Test1

-0.000000 -0.100000
-0.000000 0.100000
-0.000000 0.000000
0.100000 -0.000000
-0.100000 -0.100000
-0.100000 -0.100000
0.100000 -0.000000
-0.100000 -0.000000
0.000000 -0.100000
-0.100000 0.000000
-0.000000 -0.100000
-0.000000 -0.100000
0.000000 0.000000
-0.000000 -0.100000
0.100000 0.100000
-0.100000 -0.100000
-0.100000 0.000000
-0.000000 -0.000000
0.100000 0.000000
0.000000 -0.000000
-0.000000 -0.000000
-0.000000 -0.100000
-0.200000 -0.100000
0.000000 0.100000
-0.900000 -4.100000
-4.500000 0.700000
2.700000 -5.000000
-85.300000 -152.800000
-215.700000 -252.000000
-278.000000 -301.500000
-297.200000 -193.300000
-55.200000 -5.900000
1.600000 2.900000
2.900000 3.000000
3.000000 2.900000
2.900000 3.000000
3.000000 3.000000
0.000000 0.100000
0.100000 -0.000000
-0.100000 -0.100000
0.000000 0.200000
0.100000 -0.000000
-0.000000 0.100000
0.100000 0.100000
0.100000 0.100000
0.000000 0.100000
0.000000 0.200000
0.100000 0.100000
0.000000 0.100000
0.100000 -0.000000
0.000000 0.100000
0.100000 0.100000
0.100000 0.100000
0.100000 0.000000
0.000000 0.100000
0.000000 -0.000000
0.000000 0.100000
0.200000 0.100000
-0.000000 0.100000
0.100000 0.100000
0.100000 -0.300000
-0.100000 -0.200000
0.900000 3.100000
0.300000 -22.100000
-105.700000 -228.600000
-491.800000 -620.800000
-745.000000 -798.100000
-728.800000 -396.200000
-89.800000 -0.900000
7.100000 7.200000
7.100000 7.200000
7.300000 7.200000
7.200000 6.900000
6.800000 6.700000
0.000000 -0.100000
-0.000000 0.000000
0.000000 -0.000000
-0.000000 0.000000
0.100000 0.000000
0.000000 0.100000
0.000000 0.000000
0.000000 0.000000
-0.000000 0.100000
0.100000 0.000000
0.100000 0.000000
-0.000000 -0.100000
-0.200000 -0.000000
-0.100000 -0.200000
-0.100000 -0.000000
-0.100000 -0.100000
-0.000000 0.100000
0.100000 0.100000
0.100000 0.100000
-0.100000 -0.100000
-0.100000 -0.100000
0.000000 0.100000
0.000000 -0.100000
-0.000000 -0.000000
-0.500000 -1.100000
-0.900000 -0.700000
-0.200000 2.800000
7.600000 9.300000
8.900000 8.900000
8.400000 8.600000
5.200000 1.700000
0.300000 -0.100000
-1.200000 -0.600000
-0.900000 -1.000000
-0.900000 -0.800000
-0.700000 -0.700000
-0.700000 -0.700000
0.200000 0.100000
0.100000 0.100000
0.100000 0.100000
0.100000 0.000000
0.100000 0.000000
-0.100000 -0.100000
0.000000 0.100000
-0.000000 0.100000
0.100000 0.000000
0.000000 0.100000
0.000000 0.200000
0.100000 -0.000000
0.100000 0.000000
-0.100000 -0.100000
-0.000000 -0.200000
-0.200000 -0.000000
-0.000000 0.000000
0.200000 0.200000
0.000000 0.100000
-0.100000 -0.000000
0.000000 -0.100000
-0.000000 0.100000
0.000000 0.100000
0.100000 -0.200000
-0.200000 0.100000
0.100000 0.000000
-0.100000 -0.000000
-0.100000 -0.000000
0.000000 0.100000
0.100000 0.100000
0.100000 0.100000
0.100000 0.100000
-0.000000 0.100000
0.100000 0.100000
0.100000 0.000000
-0.000000 -0.200000
0.000000 -0.000000
-0.100000 -0.100000
-0.000000 -0.000000
0.100000 0.000000
-0.100000 0.000000
0.100000 -0.000000
-0.100000 0.000000
-0.100000 -0.000000
-0.000000 -0.100000
-0.100000 -0.200000
-0.000000 -0.000000
-0.100000 -0.000000
-0.100000 -0.100000
-0.100000 -0.100000
-0.100000 -0.000000
-0.000000 -0.000000
0.000000 -0.100000
-0.000000 -0.000000
0.100000 0.100000
-0.100000 -0.100000
-0.000000 -0.100000
-0.000000 0.100000
0.100000 0.000000
-0.100000 -0.000000
-0.000000 -0.000000
-0.100000 0.000000
0.100000 -0.000000
-0.200000 -0.300000
-0.300000 -0.300000
-0.300000 -0.300000
-0.400000 -0.300000
-0.300000 -0.300000
-0.400000 -0.300000
-0.200000 -0.100000
0.000000 -0.000000
0.000000 -0.100000
-0.100000 -0.000000
-0.100000 -0.000000
-0.100000 -0.000000
-0.100000 -0.100000
-0.100000 -0.000000
-0.100000 -0.100000
-0.100000 -0.100000
0.000000 0.000000
0.000000 -0.100000
-0.100000 -0.000000
-0.100000 -0.100000
-0.000000 -0.100000
-0.000000 -0.000000
-0.000000 -0.100000
-0.100000 0.000000
-0.100000 -0.200000
-0.200000 -0.100000
-0.100000 0.000000
-0.000000 -0.100000
-0.100000 -0.000000
-0.000000 0.000000
0.000000 -0.100000
-0.100000 -0.100000
0.000000 0.000000
-0.100000 -0.100000
-0.200000 -0.200000
-0.100000 -0.100000
-0.100000 -0.100000
-0.000000 -0.100000
-0.000000 0.000000
0.000000 -0.000000
-0.000000 -0.100000
-0.100000 -0.000000
-0.100000 0.000000
0.000000 -0.100000
-0.100000 -0.100000
-0.200000 -0.100000
0.100000 0.100000
-0.000000 0.000000
0.000000 -0.000000
-0.100000 -0.000000
-0.100000 -0.200000
-0.100000 -0.000000
-0.100000 -0.000000
-0.100000 -0.100000
-0.000000 0.000000
0.000000 0.000000
-0.000000 -0.100000
-0.100000 -0.100000
-0.200000 -0.100000
-0.100000 -0.100000
-0.100000 -0.000000
-0.000000 -0.100000
0.000000 0.000000
-0.100000 -0.100000
-0.100000 -0.100000
-0.100000 0.100000
0.100000 -0.100000
-0.100000 -0.100000
-0.100000 0.000000
-0.100000 -0.200000
-0.200000 0.000000
-0.000000 0.100000
0.100000 0.000000
0.000000 0.100000
-0.000000 -0.100000
-0.000000 -0.100000
-0.000000 -0.000000
-0.000000 0.100000
0.000000 0.000000
0.100000 0.100000
0.100000 0.000000
-0.000000 -0.000000
-0.100000 -0.100000
-0.100000 0.000000
-0.100000 -0.100000
